# Created by Octave 5.1.0, Tue May 28 23:37:33 2019 GMT <unknown@DESKTOP-L0rD>
# name: ne
# type: scalar
3


# name: nm
# type: scalar
30


# name: ns
# type: scalar
2


# name: v
# type: matrix
# rows: 3
# columns: 30
 -0.22325907378528778 0.051338628688502655 -0.010066850454895427 -0.063946145237071414 -0.090282905776826267 0.064018422170195072 0.080643040564380472 -0.19993727755552482 -0.051368495006417429 -0.086490002624262804 0.049193279872543488 -0.15423625745497604 -0.11958218470852178 0.052607371881266934 0.028872145560547721 0.11161649386508722 -0.16755658832982329 0.016171883045480208 -0.057326138466792201 -0.15969821348930341 -0.059388343055919925 -0.10884701350702111 -0.082187726017503793 0.086002393041684291 0.031993111996636341 0.06884932475342577 0.052761583274742736 -0.19954324218292271 0.21202274833395815 0.072949662643769286
 0.071534763026888715 -0.17525297370327628 0.14125934029310819 0.047452007219940008 -0.042669679311185031 0.0031446597270471106 -0.080570779707157245 0.040617905399368805 0.068497443268809299 0.004820925670379176 -0.047123417424590398 0.085458151200844712 -0.043208890950636819 -0.25616985432003503 0.04775943931395861 0.014583816044143884 0.14695252583552643 -0.0025748624843216486 0.037870641041809282 0.12683437996281596 -0.069936757969944544 0.0097708777778093992 0.062286661673782551 -0.095428845464352818 0.016398543228084188 0.073496971229329702 -0.20776615989762012 0.053046129269721298 -0.040588055487171988 -0.052923881419484717
 0.4120448484329931 -0.28615558578390576 0.017383421165289008 0.020973583660084345 0.053283432396702385 -0.01686020313923519 0.24559890411854798 0.088431716840072574 0.015246324181028954 -0.13505600592491279 -0.013956285823978983 0.13830698657480356 -0.065328148905874836 -0.037533353340842672 -0.08641724467716963 -0.20455269186264502 0.053326364471280016 0.049055354310378274 -0.018347788006406487 0.68475831232893003 -0.27432928781519628 -0.081512652273161665 -0.12414212442500723 -0.17602351707535696 -0.47057669164276711 0.23551209885821703 -0.26452109829591747 -0.18625164872356162 -0.073683761823517449 -0.15235416675386329


# name: w
# type: matrix
# rows: 30
# columns: 2
 -0.21608628355662748 0.25654685415988016
 0.28570392889614438 -0.20351815048242267
 -0.09070758660984099 0.062085433235313486
 0.040676101484863315 0.087279703262802821
 0.10392648075461622 0.13333617061607489
 -0.15016599276470682 -0.068532608995851757
 0.011470732047963828 0.15097435607407081
 0.048817497106560838 0.16035402335569487
 0.10268394231080551 0.076808264672600199
 -0.042008646129471951 -0.19281072954318604
 -0.038275580737153585 -0.087730414715782121
 -0.30714568069344556 0.097533254831916258
 0.13512344206463098 0.059079820477139881
 0.036239957987269651 -0.1312060751481976
 0.2240658607945763 0.0036227632810225934
 0.11004604655643446 -0.1046949951506717
 -0.14699282276036063 0.044812961060693358
 -0.14072643457645431 0.012266952518072511
 0.059641578577634358 -0.00032008238381359485
 -0.28266698627988696 0.65906633510499468
 0.035148592483852485 -0.35370548538587171
 -0.07359900672251142 0.032261780815596726
 0.048529417607779929 -0.13047972332479194
 0.10495499400261822 -0.1600796566170308
 0.21455274127693194 -0.3453085544700491
 -0.16591079952717228 0.20961909714232482
 0.15390642320688785 -0.24603639553717011
 0.050074691294107854 -0.11402180954703872
 -0.034332468028260114 -0.086212282430575965
 0.023946356190366575 -0.21914849825995933


# name: c
# type: matrix
# rows: 30
# columns: 1
 0
 0
 0
 0
 0
 0
 0
 0
 0
 0
 0
 0
 0
 0
 0
 0
 0
 0
 0
 0
 0
 0
 0
 0
 0
 0
 0
 0
 0
 0


# name: a
# type: matrix
# rows: 30
# columns: 1
 0.96643779185292145
 0.96850459825917667
 0.9995205185760393
 0.99943043488459349
 0.99906950736104116
 1.0011987726956046
 0.99614872640465579
 0.9957159492061558
 1.0002775431221647
 0.99578257077242882
 0.99985946712445195
 0.98944002455142599
 1.0010483113608311
 0.99570288927689743
 0.9985142864501183
 0.99384749685200535
 0.99601076201169969
 0.99993729725617186
 1.0007631657044789
 0.83937516142901636
 0.97544305797615893
 1.0115975297175666
 0.99821270291494479
 0.98826987373034614
 0.94590188836726141
 0.98207286148558259
 0.97281646390635079
 0.9951414815255164
 1.0003089531339617
 0.99032019410638272


