# Created by Octave 5.1.0, Tue Jun 25 22:42:01 2019 GMT <unknown@DESKTOP-L0rD>
# name: nm
# type: scalar
50


# name: v
# type: matrix
# rows: 2
# columns: 50
 -1.7837374301344722 0.079938595756017666 1.9226652309806682 0.98479323090136084 0.84105119941931994 -1.2100947893946177 -1.7059144209570825 1.4447322290825853 0.70108244724321245 -0.72008025315147206 -1.538503478272796 0.044354795066828746 -1.9706821696147536 1.6750632607701654 -2.4935134235998797 -1.1632082300302911 -0.57081959725960929 -1.5419284359773322 1.4770152655148185 -0.72103982018866308 2.2293387058181549 1.4957159451484636 1.975094038407847 -2.2067428025057656 -1.9776722777201836 1.5820772888007801 1.0032767068124238 0.48023829125963508 -2.9295695458653501 -0.66049981575095718 0.24564943476365375 -0.20204416241354628 1.0247912303249349 -1.2717478333510932 -2.0927543112772358 2.322505898794458 1.6472654404842162 0.62704464064266641 2.0487113671185773 2.3844983020132222 1.6384008642251879 0.22135092508111501 0.098157956728878212 1.0875978234327974 -0.4285908945776119 0.090558335108002999 0.49586170768719873 2.4674004704678825 -1.4313057907695141 1.4110941837067779
 0.92641316916998151 -0.21207892374413598 -1.2785256739266833 0.22260904980759746 -1.3198915954469614 -0.85430567124738244 0.7097408483248876 0.96574297112548546 0.51007519109102051 0.17285980950302351 0.79918683781525723 0.31660666054834885 1.1512039916719257 -0.73550737654643816 -1.5971407484222579 -0.82768812078459975 0.70284165060926418 0.42071322205994749 -0.53330545070342172 -0.5226958058281912 -0.56594247184608637 -0.84827569752161436 -1.0050135005725154 1.0008285930559049 1.0890830142584258 1.0839326111847605 -1.1122413407623937 -0.068057762408877856 0.4496015676981357 0.05232165671151269 -0.01490567055788556 0.099524727412062045 0.71560181768574349 1.1077498776643564 1.6306270509099714 -0.56788404451318486 -0.37637015522514322 -0.38646454255424412 1.3044735201459292 1.5062351610810789 -1.0803702869887462 0.3323991958989192 0.28639785686327557 -0.55635502867763853 -0.2285765724645123 0.2720112610090879 0.44633359275547346 -0.64512813418388004 -0.96884908170545325 -0.37828035687220968


# name: w
# type: matrix
# rows: 50
# columns: 1
 -0.81229696518306682
 -1.9632369604840858
 0.84795312058863481
 1.3997350644959949
 -0.90287902752104532
 -3.3821331423738119
 -1.0674955416076417
 2.510074513208731
 1.725324459870764
 -0.24624881557941797
 -3.940926946835356
 2.3867175617830059
 -1.038411306758303
 4.0075060018849449
 -3.7037484332883222
 -3.3669186416258556
 1.220063242418248
 -1.2651621954437289
 0.80955715594271405
 -2.4041514784396254
 2.2026303259739719
 0.59297355674031926
 0.87705364817213571
 -1.9436267852097042
 -1.3062255125237565
 4.420168509683692
 -0.59234132611912382
 0.10694153178587824
 -3.0181598604298912
 -0.37811305542231505
 0.057038876535643879
 0.26606621357163662
 2.2236990254944846
 0.21204610040759184
 -0.80583455114574021
 2.4746883480579709
 1.5785669811315661
 -0.77338113544996079
 2.9229985883566449
 3.3564741740691644
 0.61561094588548559
 1.9896274422881559
 2.628935924930516
 1.6588174139182152
 -0.74482724461633187
 2.585997822814611
 2.1285101130119308
 3.0502015302663681
 -2.8822020156009032
 0.99391751740469225


# name: c
# type: matrix
# rows: 50
# columns: 1
 0
 0
 0
 0
 0
 0
 0
 0
 0
 0
 0
 0
 0
 0
 0
 0
 0
 0
 0
 0
 0
 0
 0
 0
 0
 0
 0
 0
 0
 0
 0
 0
 0
 0
 0
 0
 0
 0
 0
 0
 0
 0
 0
 0
 0
 0
 0
 0
 0
 0


# name: a
# type: matrix
# rows: 50
# columns: 1
 1
 1
 1
 1
 1
 1
 1
 1
 1
 1
 1
 1
 1
 1
 1
 1
 1
 1
 1
 1
 1
 1
 1
 1
 1
 1
 1
 1
 1
 1
 1
 1
 1
 1
 1
 1
 1
 1
 1
 1
 1
 1
 1
 1
 1
 1
 1
 1
 1
 1


