# Created by Octave 5.1.0, Wed Jun 26 00:14:28 2019 GMT <unknown@DESKTOP-L0rD>
# name: nm
# type: scalar
50


# name: v
# type: matrix
# rows: 2
# columns: 50
 1.2888726650010445 -0.31135959379078892 -0.18621881757100503 -0.3252456748854724 0.22661771597129199 0.18269179381467579 0.13291323868176788 -0.18900898086587942 0.33286059093740072 0.44861601989887578 -0.30357076679347367 0.20158217764978745 0.30751098120033854 -0.17783707435258025 0.14274616345688285 -0.16892249959758107 1.7560924740263553 0.18852393381302041 -1.1078801094609614 0.3881825703986086 0.018613019194060391 0.2122211060306681 -0.19537109815343465 -0.16079047260090598 0.65435916163126762 0.26073419297529882 -0.079338670959700291 0.23351480396943694 0.4012814671927859 0.2505464680546815 0.2750381524760574 -0.17441948325893927 0.31368326093722804 -0.29503463909164734 -0.25739165784302614 -0.16581851391237704 -0.014297366963627477 0.29124116920546517 0.025359635134969655 0.1939762102319981 0.20624152923941391 -0.26201836899210645 -0.23485003938257637 0.4146322363349173 0.20597966853324445 -0.25940874098045785 -0.29171354272526173 -0.17928167665070371 0.17192641722156213 0.18340671221433597
 -0.078822041564866857 0.63060426625773047 0.80162822732510353 1.3693912467518412 -0.98580909681213502 -0.14334051090911518 -0.26494583369979335 0.81264690154732488 -0.30400461038083093 -0.2406164296662186 0.40732048100247659 -0.85936964606017052 0.11075342394512472 0.091043285075360331 -0.4805189969497291 0.69833895086408904 -0.041403722374902092 -0.79958623641399473 0.043033331870133716 -0.205433054334521 -0.1413780976875274 -0.91847683497416399 0.83996811723706943 0.61877570846662999 -0.27157182009363529 -0.37786267964339515 -0.02527916541910458 -1.0140888465114548 -1.6424313423810848 -1.0858217528769525 -1.1816841370736688 0.60555799003022537 -1.3281011126299478 1.2574329042071926 1.1116351848816384 0.41504490819824019 -0.063279397165551463 -1.2412718446124011 -0.052098437917359269 -0.42389219411235773 -0.89222512823668565 1.1320124412273398 1.0223122306963504 -0.20848580053955953 -0.87812833983931715 1.121505889490285 0.26767049039702112 0.13263361410119917 -0.59682593764496672 -0.78434104091672252


# name: w
# type: matrix
# rows: 50
# columns: 1
 -1.2405824476165257
 0.89889988951005395
 0.89568310024746933
 1.9676995866110432
 -1.3031761606404553
 -0.24769043841996663
 -0.31503059371705561
 0.99447297692473158
 -0.48256025830178573
 -0.50639041565599197
 0.61212071956727643
 -1.1350689934534095
 -0.18073355864775112
 0.19527462027427311
 -0.5364178825374124
 0.786972154132351
 -1.8906367492662874
 -0.98990119662076226
 1.0259856920885635
 -0.44603874122756043
 -0.12061549147882049
 -1.2779345156280733
 1.041351787025131
 0.68224280614731492
 -0.6801990542716273
 -0.50916484435645892
 0.030067033717439809
 -1.3505632858358809
 -2.4477961406206381
 -1.5137486458043981
 -1.6702039926416596
 0.78858043599176364
 -1.9651905306335657
 1.7856611038501613
 1.5023314814831388
 0.4763251703421707
 -0.036033744938226614
 -1.6798850206968567
 -0.036486124617290797
 -0.54396701423509852
 -1.0815197530736353
 1.6178765783016624
 1.4251084846911011
 -0.45166768709669675
 -1.1814867622530825
 1.589244087472512
 0.43273327169592507
 0.23484437491953691
 -0.70148667398507358
 -0.88007743954972617


# name: c
# type: matrix
# rows: 50
# columns: 1
 0
 0
 0
 0
 0
 0
 0
 0
 0
 0
 0
 0
 0
 0
 0
 0
 0
 0
 0
 0
 0
 0
 0
 0
 0
 0
 0
 0
 0
 0
 0
 0
 0
 0
 0
 0
 0
 0
 0
 0
 0
 0
 0
 0
 0
 0
 0
 0
 0
 0


# name: a
# type: matrix
# rows: 50
# columns: 1
 1
 1
 1
 1
 1
 1
 1
 1
 1
 1
 1
 1
 1
 1
 1
 1
 1
 1
 1
 1
 1
 1
 1
 1
 1
 1
 1
 1
 1
 1
 1
 1
 1
 1
 1
 1
 1
 1
 1
 1
 1
 1
 1
 1
 1
 1
 1
 1
 1
 1


