# Created by Octave 5.1.0, Mon Jun 17 11:26:00 2019 GMT <unknown@DESKTOP-L0rD>
# name: nm
# type: scalar
50


# name: v
# type: matrix
# rows: 2
# columns: 50
 26.430311282597529 -3.1027296081523574 -37.108915750028949 -9.389109019004179 -2.2226833533261789 2.2441631542832239 -2.0309020073363837 1.5902315513271841 -1.9030704630573998 2.1762760532219314 -1.5231525538932789 -1.871890183519243 2.0730598521350578 -2.1974129840835328 6.3171624612903656 -1.7883123853180309 -4.2861515962590166 -2.3978226219496999 -1.6003466122616481 -3.4245916871576787 1.7850271827147475 1.9440610153278584 1.1819695983521625 1.9061799110331161 2.6596232735200704 -1.4679785323740357 -2.3129807331642809 -28.705230040189658 4.2498917534436487 -2.010118877413106 -1.846785790983672 2.4303500121934767 3.3555400300837901 -2.4103310217911869 -1.3289660622523831 5.6349695546731917 -1.610311126421641 3.0722495775130247 -3.9789958735713857 22.938272554525543 -3.1159039743852563 -94.763241331771667 1.9147387615649081 -30.870272093893572 -1.7446767119159183 6.7235450436721118 2.2074103631651609 -1.2093978113084374 1.4016809495840885 -2.4443036202048707
 -19.619049357110871 -0.11855369871012927 29.932704645286531 7.733420697746789 -0.074090923963212443 2.5768291851820062 4.6844413755423613 -3.6981586290437387 -0.075183874396053604 0.078551880253571599 -0.11237584817897109 0.0099640693426944968 -0.34506587737300343 -0.0080561966408839031 -8.9117222276012562 0.17930414986331392 -0.010792715445006278 0.021925697750984883 0.01579904159118518 -0.10014596115198149 -0.078652020984060558 1.8962074495766799 -2.7616130967819066 -0.11476441048657049 0.055392607097004401 -0.018768780846732298 -0.032810251522847819 32.320843124080426 0.068236169614351833 0.30135970876997853 0.23754095699440123 0.17633786619986982 0.13825993779462994 -0.068186191582140385 -0.049073493134488784 -3.4883101832195362 -0.011860828052376192 -6.6377764444582255 -0.01616487965617731 -18.464994556432686 -0.12196032209816977 70.370382831957059 0.026985219713233942 29.118885185427676 0.1664129744639013 -9.2329897761269812 0.30276671766581403 2.8257922826313591 0.015014937162856784 0.068680464190015111


# name: w
# type: matrix
# rows: 50
# columns: 1
 -1.6516698546833464
 8.4786267862512776
 -0.16734624527084255
 7.2206541103590363
 12.265209193931174
 7.8685252779193187
 -14.96520330287489
 13.345400501544969
 11.252033320584417
 -9.8681582539862216
 8.3023743632933336
 11.977570259888745
 -12.787809285546079
 11.629550757836387
 12.275585993050425
 11.66832923208972
 8.8367848732845022
 10.801840430172023
 10.654959078113512
 7.4649385442117113
 -8.4160767082251375
 9.1993182230358279
 13.621465708327939
 -13.057211122501508
 -6.6537916489002509
 9.4242280681938553
 12.302479115433183
 -9.9753166065380103
 -10.552040280351152
 12.863420914251465
 10.044135411847027
 -8.1424178253515507
 -8.371861184830264
 10.035764842131895
 7.7271662004030661
 -8.3203196359973006
 9.707438606367278
 14.081808045115817
 10.874135112193104
 7.9723540243669868
 9.9532993837853709
 -4.0592974937238981
 -9.9968380878756449
 -10.351059307583665
 10.820902474625209
 13.539322915959508
 -7.3156461989801063
 -14.130714176498477
 -7.234888522420909
 9.4680844045170822


# name: c
# type: matrix
# rows: 50
# columns: 1
 0
 0
 0
 0
 0
 0
 0
 0
 0
 0
 0
 0
 0
 0
 0
 0
 0
 0
 0
 0
 0
 0
 0
 0
 0
 0
 0
 0
 0
 0
 0
 0
 0
 0
 0
 0
 0
 0
 0
 0
 0
 0
 0
 0
 0
 0
 0
 0
 0
 0


# name: a
# type: matrix
# rows: 50
# columns: 1
 1
 1
 1
 1
 1
 1
 1
 1
 1
 1
 1
 1
 1
 1
 1
 1
 1
 1
 1
 1
 1
 1
 1
 1
 1
 1
 1
 1
 1
 1
 1
 1
 1
 1
 1
 1
 1
 1
 1
 1
 1
 1
 1
 1
 1
 1
 1
 1
 1
 1


