# Created by Octave 5.1.0, Tue Jun 25 23:21:41 2019 GMT <unknown@DESKTOP-L0rD>
# name: nm
# type: scalar
50


# name: v
# type: matrix
# rows: 2
# columns: 50
 0.26118282477104321 -0.28696637644284723 0.19250882359467622 -0.58175628394234946 0.3477898836389467 0.064452989726831708 0.034640081642665327 -0.096069892540565333 0.12842444622171725 0.13537581648877417 -0.13851752051105426 0.37838425173098172 0.17083801856227807 -0.073747109906456276 0.031908875097203179 -0.056428645093936095 0.35489608945108908 0.24125274304378941 -0.20736532040991013 0.11115528485606044 -0.038916036321475028 0.44720161639038208 -0.22918869369397371 -0.090997161449518887 0.18422010249809481 0.13020055996878274 -0.068172954218058759 0.45744269087214917 0.88454500540361469 0.50394752411926891 0.55779709809818756 -0.15640363673931926 0.58736033876862226 -0.50385157230084587 -0.2966475004786594 -0.083247068643946223 -0.031054391084431632 0.5032306443096759 0.016416896191047681 0.098862552397141576 0.18639071207465854 -0.53413288834347716 -0.47621414937505241 0.12670558977372665 0.41338679949211971 -0.50263714891694633 -0.10343901142571638 -0.065259003337288471 0.15207874030873458 -0.04231427436025087
 -0.23009088347202231 0.33827805320910775 0.61641133991091857 1.0271526473950428 -0.59913171532984411 -0.04141964707405698 -0.11768657143145661 0.498628508465295 -0.16150534371545255 -0.14256792041191269 0.19074043285160722 -0.45958056847661655 0.099541061707859896 0.017726913094779542 -0.2517391834405871 0.42970030528867625 -0.28896353532659452 -0.44754763194352454 0.15583602547560582 -0.10001685357062416 -0.08287032308993833 -0.48277767155329976 0.49127018245813736 0.36094572374299455 -0.20941336717628287 -0.19504630695111427 -0.033282622313006056 -0.6043343144388188 -1.3011403108781527 -0.65565143402517012 -0.76134397358031858 0.27093969103545096 -0.94642261777040682 0.89173960902750105 0.77915921592889381 0.21258851781736246 -0.046208573683430225 -0.89070644172824498 -0.043400043863940134 -0.19084794154053891 -0.57725640584433491 0.69394464973650594 0.5834436662103929 -0.11941593202700522 -0.46795032597681441 0.69377324583591549 0.12323561277069865 0.036758936952263337 -0.31496133754731032 -0.55229539954641871


# name: w
# type: matrix
# rows: 50
# columns: 1
 -0.32715043255531628
 0.46797485070805594
 0.45897877767331441
 1.2730110705550808
 -0.72612560335700782
 -0.10832711659492951
 -0.12721907209790523
 0.49601033264890126
 -0.19745535401233857
 -0.20326168896555533
 0.29435841919475159
 -0.6216784181018673
 -0.020111921549441539
 0.079228520840697744
 -0.22285307461850087
 0.34474611463628518
 -0.51235767424838008
 -0.49359117092117599
 0.27882138340050783
 -0.18932817871553165
 -0.045062254739967826
 -0.74789635769728358
 0.52447249360424764
 0.27672910688323288
 -0.26666726554923714
 -0.20897076250474558
 0.0050106034976417392
 -0.77080747262611582
 -1.7231131692210844
 -0.91061869080079594
 -1.0341169549534917
 0.40163557307991998
 -1.2832434510574113
 1.1172482922833857
 0.87287335045981962
 0.18383810394149605
 -0.0094037508284003611
 -1.0144430870777486
 0.010860482129409503
 -0.24700147716877036
 -0.53664703096221966
 1.0001148265676689
 0.84807653375584791
 -0.17435241370903323
 -0.66366262686389088
 0.97150855708554251
 0.18571753399008492
 0.10141297364698434
 -0.30610275985779323
 -0.4090800750996238


# name: c
# type: matrix
# rows: 50
# columns: 1
 0
 0
 0
 0
 0
 0
 0
 0
 0
 0
 0
 0
 0
 0
 0
 0
 0
 0
 0
 0
 0
 0
 0
 0
 0
 0
 0
 0
 0
 0
 0
 0
 0
 0
 0
 0
 0
 0
 0
 0
 0
 0
 0
 0
 0
 0
 0
 0
 0
 0


# name: a
# type: matrix
# rows: 50
# columns: 1
 1
 1
 1
 1
 1
 1
 1
 1
 1
 1
 1
 1
 1
 1
 1
 1
 1
 1
 1
 1
 1
 1
 1
 1
 1
 1
 1
 1
 1
 1
 1
 1
 1
 1
 1
 1
 1
 1
 1
 1
 1
 1
 1
 1
 1
 1
 1
 1
 1
 1


