# Created by Octave 5.1.0, Tue Jun 25 23:52:00 2019 GMT <unknown@DESKTOP-L0rD>
# name: nm
# type: scalar
50


# name: v
# type: matrix
# rows: 2
# columns: 50
 0.33094686213575664 -0.33823876772336559 -0.15993505077385481 -0.5342570894951062 0.37692024444717154 0.11349137282897039 0.09586575408404073 -0.25857273810052667 0.20136546989708998 0.20967394952133875 -0.22774235842620794 0.38521349685178113 0.18390001436687142 -0.11134023655385919 0.13652383433875992 -0.20351510714860152 0.4126755813865694 0.30959947843468955 -0.28952338664757155 0.18551660498985631 -0.012582147316352597 0.42289419366882436 -0.31003828050185483 -0.19825883885272827 0.25883535386776624 0.20448626871366296 -0.071348064938869332 0.42116396903242775 0.68139737444688153 0.44244202836646301 0.47257571455888159 -0.25340594263407912 0.51840508046632361 -0.48240441682740115 -0.40079131998441603 -0.16097973744541846 -0.023950221858134002 0.47799306421530713 0.018227279673182953 0.18761752588965194 0.30575823878190728 -0.45664634592605047 -0.42850364711930078 0.19578094225337664 0.4058317460725655 -0.44547134697325924 -0.17691691394737666 -0.11162088378036167 0.23706518078604791 0.1968675861231689
 -0.39765993493031299 0.56259329881880238 0.71839329075328928 1.3140238902364203 -0.86850704208989715 -0.10920650744464563 -0.20186743941864471 0.69701349544559577 -0.2844570500178128 -0.26641555084728014 0.3581643788676272 -0.72323613659202224 0.089184579276347348 0.06759901243720258 -0.38363293413368799 0.59041129040599083 -0.50832601723237991 -0.67236554601576581 0.30580456176310455 -0.21458772820878069 -0.1143367563130805 -0.77829098816927256 0.71687721940984916 0.51198201375871044 -0.36232245745397651 -0.32512094164451905 -0.029514147919572492 -0.89257436994229 -1.6315737733418063 -0.97245674343314215 -1.0862261678314615 0.48115332085136098 -1.2640996523169623 1.182193964516858 1.0188030995665107 0.33135324331850902 -0.054924210141868206 -1.1637319308848484 -0.04472254644574758 -0.33813410892261903 -0.7811711838900538 1.025845641172124 0.8966914692181519 -0.22810991772664754 -0.74117492636406201 1.0158937421401708 0.23845466768989382 0.10038834296691991 -0.48502385674232984 -0.68863374589321835


# name: w
# type: matrix
# rows: 50
# columns: 1
 -0.55729021604656725
 0.75221501115090417
 0.70830721656290507
 1.7623955941698417
 -1.1097197834732051
 -0.17697125926635818
 -0.22893721503865216
 0.8115737655857469
 -0.35955964476382846
 -0.35908090458324787
 0.48445001849255021
 -0.96004971684661944
 -0.046660214162808328
 0.13326833663777046
 -0.40406150759679849
 0.6170142053594122
 -0.7861601751793782
 -0.81388804495195455
 0.46574681493839493
 -0.31644693072608826
 -0.084218738325182216
 -1.0996538916027272
 0.85930403580975145
 0.52555922081849138
 -0.47050721197975315
 -0.38848472419356106
 0.014967325772865758
 -1.1590432735357645
 -2.2508804451708193
 -1.3172216014338902
 -1.4689172380195923
 0.64035943756716462
 -1.7600258084641849
 1.5805348181483361
 1.2992159440527997
 0.35627683417559186
 -0.024508654310050681
 -1.4752457115770623
 -0.017289220235638295
 -0.42219269784902408
 -0.89176630435309068
 1.4187834482647301
 1.233572532124863
 -0.31289654552294122
 -1.0069440562103928
 1.3898338312953062
 0.32135661802109966
 0.1665935581110638
 -0.55225628854069297
 -0.69640706873946545


# name: c
# type: matrix
# rows: 50
# columns: 1
 0
 0
 0
 0
 0
 0
 0
 0
 0
 0
 0
 0
 0
 0
 0
 0
 0
 0
 0
 0
 0
 0
 0
 0
 0
 0
 0
 0
 0
 0
 0
 0
 0
 0
 0
 0
 0
 0
 0
 0
 0
 0
 0
 0
 0
 0
 0
 0
 0
 0


# name: a
# type: matrix
# rows: 50
# columns: 1
 1
 1
 1
 1
 1
 1
 1
 1
 1
 1
 1
 1
 1
 1
 1
 1
 1
 1
 1
 1
 1
 1
 1
 1
 1
 1
 1
 1
 1
 1
 1
 1
 1
 1
 1
 1
 1
 1
 1
 1
 1
 1
 1
 1
 1
 1
 1
 1
 1
 1


