# Created by Octave 5.1.0, Mon Jun 24 18:49:26 2019 GMT <unknown@DESKTOP-L0rD>
# name: nm
# type: scalar
50


# name: v
# type: matrix
# rows: 2
# columns: 50
 0.023512008133461337 0.37030318500211218 -0.21910437043415371 0.058440682688931149 0.17199866999292854 -0.10535702518843593 -0.10947139845540228 0.041087204107519606 -0.10384766016717484 -0.15536348322627461 0.30285734110441392 0.38284009166652244 -0.39611485341137276 0.0057189427554526833 0.8315982383208177 -0.32873307801406942 0.34967658758452413 -0.044194340951892425 -0.18608592828776541 -0.0051518209209581367 0.48997985429143265 -0.016313945690026834 0.27614490425015398 0.25869144265920058 -0.0039976601178910868 -0.17123217499725812 0.18010116621580027 0.024665365074108953 -0.18308622175288292 0.06723857363637803 0.24428480274054343 -0.11067116957239199 -0.23451634427104778 -0.2636574415442644 -0.29780802934165246 0.038988276304034578 -0.44908118096710098 -0.57525575639381288 -0.054790221541084469 -0.32440801665920244 0.071878519436552157 -0.12029918961473285 -0.072692123531793648 -0.49976153526823114 -0.74526204217749958 -0.34900486141518183 -0.49366484120360499 0.13694866386164686 0.090130838570311733 -0.024556108824164577
 -0.28522418529492122 -0.48556221661523657 0.80422553334476798 0.22508521343754873 0.50099223195849951 -0.44381859025990522 0.23082022197696975 0.054445296912288152 0.34060576183281815 0.21854812653193229 -0.7778894820216935 -2.5600081078378407 0.5428039219708064 -0.054912993517087186 -1.0748006816445399 0.22618479626995386 -1.2021327983339269 -0.24696034916274406 -0.19075669478613941 0.23933457741248704 -0.93464293760615813 -1.4078676295593524 -2.7517380675630925 -1.6430479439655645 1.2454796157055934 -0.52609330436026081 -1.0300822942822516 1.0014906572830593 0.96691768897633767 -2.8510575016072126 -2.489867474146942 0.94726060550215918 1.6344401647574747 1.2337177848924545 0.29504244771770688 4.175771761915926 0.96177850814484012 2.4602044911151926 0.4865219757269571 -0.54120111948756122 -1.9969368354052477 0.70050678997095017 1.0382830653441686 0.25407291802139803 0.92751407045089873 0.6859937545432917 2.7444451443835591 0.23762251033254578 -1.2585609031702694 1.3552053909329949


# name: w
# type: matrix
# rows: 50
# columns: 1
 -0.98765093038838236
 -2.0492198565617898
 0.88977201617742907
 0.058685978605387497
 -0.89266762915982412
 0.20701430770492371
 0.36025227107636315
 0.00067780486246050845
 0.68329134067044384
 0.97091269953306381
 -1.2170070041295686
 -1.0379087057425458
 1.8711171564319093
 0.31085591703751558
 -3.8653006170073292
 2.2580714656716645
 -1.4034112896413047
 1.2665803639034214
 0.60932486747161496
 -0.41485068574365835
 -1.6195746622732072
 0.45500327808177282
 -0.38297648029027881
 -1.0247122530027974
 -0.5903423775796125
 1.1082790939566345
 -0.89903289458994617
 -0.77924525441459114
 1.0088419879514974
 0.4566033138127728
 -0.069072976639906775
 0.21253192916734501
 -0.14362504156842237
 0.71892306095934577
 1.4303482312889484
 -0.74960434263959619
 2.2090036155991535
 2.1451789117993241
 0.5853884014958346
 1.5746501777055524
 0.16349369680781264
 0.26858614575056255
 0.32725479750637915
 2.756117839048041
 3.6976311659123118
 1.9828621324697224
 1.8425193604675314
 -0.82242898466261105
 0.63714350682985876
 -1.6165677298194365


# name: c
# type: matrix
# rows: 50
# columns: 1
 0
 0
 0
 0
 0
 0
 0
 0
 0
 0
 0
 0
 0
 0
 0
 0
 0
 0
 0
 0
 0
 0
 0
 0
 0
 0
 0
 0
 0
 0
 0
 0
 0
 0
 0
 0
 0
 0
 0
 0
 0
 0
 0
 0
 0
 0
 0
 0
 0
 0


# name: a
# type: matrix
# rows: 50
# columns: 1
 1
 1
 1
 1
 1
 1
 1
 1
 1
 1
 1
 1
 1
 1
 1
 1
 1
 1
 1
 1
 1
 1
 1
 1
 1
 1
 1
 1
 1
 1
 1
 1
 1
 1
 1
 1
 1
 1
 1
 1
 1
 1
 1
 1
 1
 1
 1
 1
 1
 1


