# Created by Octave 5.1.0, Tue Jun 25 23:34:56 2019 GMT <unknown@DESKTOP-L0rD>
# name: nm
# type: scalar
50


# name: v
# type: matrix
# rows: 2
# columns: 50
 0.31044540562309791 -0.35027081777119429 0.096085251165383662 -0.68686225107400711 0.43223105271057721 0.084360771652270988 0.058516191195879516 -0.18100601417784168 0.16371179716944109 0.17139382585404703 -0.18847289726960645 0.44701680548758654 0.17533961273696036 -0.088543462574214374 0.073658792529900249 -0.11973340826015776 0.41782662598198433 0.31178672558382886 -0.25304224622182253 0.14502150255117133 -0.030372012507721646 0.51703519905913775 -0.30513078263538462 -0.14116252671262475 0.22861920843028963 0.16740317784470804 -0.069511131194517503 0.5286330166836184 0.96710700160489449 0.57864994401903291 0.63441174943416501 -0.22119209034262871 0.68531745945084566 -0.60525154618861199 -0.41034699167044075 -0.11738923006457563 -0.029162821490469577 0.59682090345110772 0.015464321279899952 0.14257829586359341 0.26970754354727139 -0.6103552220612275 -0.54968841404614854 0.15818052711257732 0.48116202818204945 -0.58315045869844395 -0.13691633649240939 -0.083952079025340312 0.20359183298144434 0.038578416834230321
 -0.29347306082062297 0.4191618579079327 0.66688483357486961 1.1078983001495808 -0.68903759725113134 -0.064795141632481942 -0.14516982098045289 0.56886073484573596 -0.20339572533853525 -0.18564280893612237 0.24982667128471889 -0.55239960041944947 0.094613271708237731 0.035085774731264403 -0.29575381033144016 0.48519337191090744 -0.37796289589130444 -0.52413174299851928 0.21256160603760771 -0.14026184674201603 -0.092613775202692039 -0.5892509560874194 0.5677745145265567 0.41086967579489825 -0.26333841008327408 -0.23877666118779681 -0.031708232457700346 -0.70086112467795125 -1.3865855035133881 -0.76159193172041728 -0.86638604775613437 0.3455576053908605 -1.0422879993093457 0.97963873169499782 0.85611296702158635 0.2511382115032329 -0.048411663616230512 -0.97157503043065796 -0.042379049386883409 -0.24122193846836146 -0.64591118156048377 0.80450882234951449 0.6911152825262411 -0.15701863323926007 -0.56535092292405553 0.80039903963958525 0.16280037725834665 0.058707678020519585 -0.37214805017375718 -0.60506853989624632


# name: w
# type: matrix
# rows: 50
# columns: 1
 -0.42073267398535702
 0.58467695416565491
 0.53460161091904579
 1.4900025207109131
 -0.88618532902098268
 -0.13124608550632094
 -0.16061118234913407
 0.60979501479316867
 -0.25660234956291778
 -0.26016581063856109
 0.36310502764146579
 -0.76711945073891319
 -0.030880198134726568
 0.098076420897430044
 -0.28335977927968647
 0.44019665253548279
 -0.62996278940160488
 -0.62066873059244088
 0.35106353899412079
 -0.23395843639536676
 -0.056302269846167416
 -0.90377373780862025
 0.6561720937536194
 0.36604305388605479
 -0.34471761648479476
 -0.2748294334952322
 0.010311604583368363
 -0.94168347940250519
 -1.9719338672203088
 -1.091493986940036
 -1.2293709919977847
 0.4894951144083724
 -1.4958008977912054
 1.3192730625229458
 1.0453712540172837
 0.24471615505550565
 -0.013565946436762096
 -1.2157424013180513
 -0.00024427079528906344
 -0.30829255840410424
 -0.67302566661947627
 1.1874630525947161
 1.0188700962247257
 -0.22469285021863988
 -0.813876468983743
 1.156458121473612
 0.23340038963287524
 0.12331972389992242
 -0.39814600461445698
 -0.50470353879330887


# name: c
# type: matrix
# rows: 50
# columns: 1
 0
 0
 0
 0
 0
 0
 0
 0
 0
 0
 0
 0
 0
 0
 0
 0
 0
 0
 0
 0
 0
 0
 0
 0
 0
 0
 0
 0
 0
 0
 0
 0
 0
 0
 0
 0
 0
 0
 0
 0
 0
 0
 0
 0
 0
 0
 0
 0
 0
 0


# name: a
# type: matrix
# rows: 50
# columns: 1
 1
 1
 1
 1
 1
 1
 1
 1
 1
 1
 1
 1
 1
 1
 1
 1
 1
 1
 1
 1
 1
 1
 1
 1
 1
 1
 1
 1
 1
 1
 1
 1
 1
 1
 1
 1
 1
 1
 1
 1
 1
 1
 1
 1
 1
 1
 1
 1
 1
 1


