# Created by Octave 4.2.1, Tue Apr 17 23:51:03 2018 GMT <unknown@unknown>
# name: ne
# type: scalar
401


# name: ns
# type: scalar
4


# name: nm
# type: scalar
5


# name: v
# type: matrix
# rows: 401
# columns: 5
 0.1782468455808512 0.1602106914300906 0.180434467104827 0.02610448859470953 0.03023990655504405
 -0.02568440010408899 -0.09252181488352894 -0.1594850808711567 -0.184229035050429 -0.06794886146071687
 0.01854029173536645 -0.1677172491217545 0.09425591407065821 0.1687613878110192 0.06909429713842288
 -0.0724829489647781 -0.08559763296946923 -0.01176923471164184 -0.04237451414096632 0.07222676646414775
 0.02270663753919654 0.1957815191539857 -0.09898739446302887 -0.04836488625246134 -0.1116935261593061
 -0.07808783489463024 0.07045218333805192 0.2272436391724784 0.2114285212211018 0.06459450535693431
 0.07658233968818103 0.2021155605343068 -0.01565726877898108 0.1698791000966562 0.03376221713699963
 0.1308884850743101 -0.1568837427533836 0.1337591653413804 0.1467859453958714 0.04015949783721247
 0.01055149260616141 0.1598599895301373 0.1590280075155922 0.1128674566435276 -0.03459189413589425
 0.1639663116296725 0.08738651534295468 -0.1175769027204894 -0.07201256814439762 -0.1039888051815068
 -0.05999509480464087 0.1157989033771077 0.1681064681360555 -0.1658762031667508 0.1867316135741916
 -0.03042494417697024 0.147190734358464 0.01635889132531971 -0.05604733256325282 -0.00592520004900463
 -0.1521094274431632 -0.1128810093623445 -0.07619227654364517 0.06705165605418753 0.03784449713109665
 0.02529561271312785 0.09242720294540629 -0.1287605489749712 0.1271552606380131 0.01806132534954578
 -0.1506552778037152 0.06376928737763933 0.1819826080351417 0.1276178107231017 -0.1669718405927671
 -0.0152244228910157 -0.2085859725180808 -0.1111357104592758 0.1841009188724011 0.03234347314368556
 -0.02847787070882336 0.03273143986394476 -0.1137338811830111 -0.0151615953997552 -0.04752115619904591
 -0.1680582372890334 0.08498422030629867 0.1096610949232917 0.1566853954566668 0.1851252428766569
 -0.07832182087093711 -0.06974308873100836 0.01876489853921046 -0.06198219384833268 0.1934892217076445
 0.173872184862479 -0.1596277992031657 -0.002776078255710046 0.07081365241720157 0.06214913749040183
 -0.0922388933807422 0.1880451682700337 0.1624993670818757 0.02408792146729173 -0.08952274761449941
 -0.1516109702703087 -0.06628619004801649 -0.1517909439540409 -0.112440507927539 0.007678043174350347
 0.02843304377310627 -0.1941945854070767 -0.07544302562495962 0.08989964031826743 -0.153355376028314
 0.1332748765308166 -0.1483690813232568 -0.1759416699101189 0.2189775187454998 -0.2222199666839846
 -0.02005060017736712 0.1735175648054045 -0.2109241463635696 0.1636721657583213 -0.08615149767650257
 0.09493993736040704 -0.1415812075156485 -0.02051659856853905 0.08562174339564639 0.1818836158757368
 0.03187498449375618 -0.08885106849741641 -0.005508471581303622 -0.1613744376285791 0.07505385401691038
 0.1022735480419732 0.07868903811149756 0.04550162436572183 -0.1492424079478944 -0.06793047005427615
 0.04834032183407502 -0.193637024710288 0.09387423226380752 -0.1980295989173716 -0.01929133100573984
 0.2055568060036432 -0.05708344631106003 -0.1171825616473359 0.09756937409210815 0.06307020190683611
 -0.09394105146939118 0.04280799548628569 0.1398909900214328 0.1772996862084622 -0.01557172982105256
 -0.08357822668435884 0.1709854749647446 0.03109186863344081 -0.07967590770430578 0.08763922208284293
 0.05155696821734963 0.003580402553494614 0.01430948108643026 0.1393401694645171 -0.1335639536756177
 -0.1280480002637059 0.02845990896956308 0.0242791992098349 -0.1170884656326872 -0.1346261453047831
 -0.004903471652465709 0.1192698528674875 0.1416047214175325 -0.1144275996924717 0.1454436053391865
 -0.0458777078993139 -0.1054018894296307 -0.1591949494428185 0.05558478949952846 0.07140132066664213
 -0.03146881080904242 -0.0727072648235169 -0.07115540885774162 0.04816890521147998 0.05290567293112497
 -0.1947459689697301 0.05359215019676888 -0.02758682839382519 0.07680080542056444 -0.2193446978141226
 0.1586186899915362 -0.08476709790544951 0.01166530458622765 -0.1342365748906514 -0.0155007974957418
 0.1940824958403167 -0.1479852060746659 0.02712760239697696 -0.09820653024987769 0.1161616657553692
 -0.03949521165777416 -0.03936925146733561 -0.09888079472081612 0.1730098761706044 0.02587032006457119
 -0.007588694226302284 -0.05829910142403998 0.01625319458632918 -0.1044572779867961 -0.1940604550556556
 0.09679060072891921 0.04482798157050736 0.1358818982022636 -0.0860295559477485 -0.211584758900207
 -0.1799812513789156 0.1558539447214033 -0.1081092227540075 -0.1521848037818921 -0.05441639010431838
 -0.009558269513726417 0.08322627830737621 -0.08288882924222685 -0.009209307464353944 -0.2045836904342605
 0.0868250755188727 -0.1486375362140088 0.06682001227798874 -0.1656951777394347 -0.04981826678728449
 0.1730048700446098 -0.1906439509216845 0.02674373532379077 0.1661192431903992 -0.1927910940824055
 -0.05738264441563318 0.01345981895183915 0.05469317614468337 0.07537613319401001 0.17440914045861
 0.07452304311506862 -0.2038499402039219 0.1987968266211658 -0.1470335536380288 -0.1739865736226986
 0.1679044712971345 0.07080981550053177 -0.113045867301658 -0.01216776022273648 -0.1185857679604203
 0.03284118186516813 -0.01076427800552364 -0.08902807034697575 -0.1675120869232448 -0.03421312015763108
 -0.1629729857324516 0.1567349338698387 -0.006164197954502302 -0.1020120738168808 -0.08824330453679069
 0.1008224802910231 -0.09112805225862478 0.1581390493594193 -0.1440662158450722 0.02179369890378989
 -0.1257163437943828 0.1472363606975935 0.06340717712670654 0.09570606090484357 0.06447435783922394
 -0.1585708347335125 -0.1187962726562568 0.1709775392533368 0.02204421964747155 -0.1635021851740828
 -0.02713546750086562 -0.1279208211656591 -0.05980052630708822 -0.1835212952509241 -0.1475438359395991
 -0.1470431120623624 -0.04880037983499986 -0.1491150090371058 -0.005020673358331914 0.08223142131867749
 -0.1885613563633585 -0.1596263512513306 0.1148330287845343 0.13142927063866 0.03496200360303264
 -0.1107592395155796 0.1807793984569615 -0.1465084251450601 -0.03568804386504969 -0.0760475389120384
 -0.00384460088678192 -0.09255112392291982 0.02885218166018925 -0.0001434628726079341 0.07501161645674682
 0.06390917694515343 -0.04956597673399123 -0.02954054221831762 -0.0341509361323302 -0.01030437750093965
 0.08169266599983822 -0.1144834279143158 0.1026991822178907 0.08636221750612857 0.0008115099251201814
 -0.1771083910076869 -0.1378752701333474 0.04141197482813341 -0.1929393301023772 -0.03317255735685313
 -0.1088696065453524 0.01353202319724359 -0.1051124497077351 0.06648267009071185 -0.01484737414363115
 0.008890982489594702 0.1140530771208855 0.1004596441576533 -0.01985074005386804 -0.04077695601455527
 0.1895347362467651 -0.0152794263821017 -0.1057869813841817 -0.1572822203784631 -0.1130799481540462
 -0.08713692950361532 -0.1296496840415886 0.1677394241225887 0.168606539812482 -0.09662318214304948
 0.1699313672191154 -0.07938093760365977 -0.1469100129793268 -0.07945133057697941 -0.05353582803049699
 0.06392569623494801 -0.1280385178520606 0.1168998871693999 -0.06526806276953108 -0.1417054235230656
 -0.04575418826016014 0.1647013596938104 -0.1906586133872867 -0.04421859823733264 -0.09727735310840034
 0.05109688506529789 0.03439099272240759 0.1116707300673477 -0.1206695494136967 -0.0599283300103883
 0.08092307161914537 0.1442272901737001 -0.03492834174675359 -0.150685198679373 -0.1565811955162799
 -0.1267156209493819 -0.05997449750160801 0.1583120345371191 -0.1456754138548137 0.0958648339400551
 -0.1825302663613183 -0.1653719412639305 0.05405337408797498 0.01123745140788401 -0.1175443162311274
 -0.1092657861831088 -0.07891985459962036 -0.01879065017453843 -0.1845274477344225 0.1113428914081139
 0.04934717511450028 0.187892822615531 -0.02882185549250869 0.009921427443927829 0.00462473350234616
